1532
1050544005 175999873 533
251
63942906 944623461 37973
29264
1507319258 38138377 23750
12648
1753432391 756728260 18510
8191
845431205 1505585137 6604
2465
224332165 938491200 28962
865
969363099 1823156421 46174
37709
1704262091 112269985 24398
11837
1252924662 198115792 34871
15883
183150606 1946175811 23554
2230
8309160 1655535335 20810
17060
1183954193 1210756548 45692
6461
1649966390 616188853 22411
680
815900274 198500404 20004
9696
1564219808 1189712866 6580
5884
830412034 1903638665 811
334
2011550119 1302593832 40518
11233
515047943 664720764 26163
4951
1150482490 1493765561 1376
32
1041523097 958501891 16109
15069
143742534 1324168652 5167
181
9108060 1745123231 26945
5810
2040910631 1808960659 6362
5557
336024032 721849422 6955
4289
303592842 153462825 35058
21414
1212813458 140042283 23090
14562
825733479 422512628 9537
8130
1578454552 319084134 13888
12160
1361310094 1640744864 21381
6745
1899407746 33471703 40233
30445
2053754927 608443293 38953
3058
292057296 672157740 22050
20826
687564047 1555111748 34355
28896
1203703782 936985050 2043
693
1890222461 1675526087 12532
11405
1555386349 211455101 11033
7623
1735283087 2085152679 29212
12863
1141172769 215789618 11566
6045
304546895 712771629 21688
18943
1743347881 795281613 2253
2245
257862001 141502885 38312
16513
577837602 429752752 2448
2160
664615385 11535545 35147
2037
602840618 525249411 15805
5582
1625451131 1769513344 35238
26107
347282768 1835715738 17070
16114
62837569 1953407392 30842
9461
479556632 164124659 2068
1384
510751356 912582158 8473
454
1269181346 2134994048 45463
14507
16730881 1091699813 16396
3557
1487694915 945841781 17166
13851
466672697 1312384859 26882
4813
467338281 890770964 4314
561
1029952854 1132442469 33661
31153
621309096 1663205285 12813
1659
1050461685 2104747774 22108
17885
214042824 1680510312 21349
6772
822572251 1925789016 45851
33112
1679686285 67086246 35921
27685
1868236101 1542917686 519
21
1669402621 586109737 34116
18265
2120067694 137756216 17774
3954
837529060 2028093718 11293
9385
1692752006 1742982935 22930
8076
1229370208 1597087425 25445
22658
683383050 2036925907 30142
7714
1946377401 218719661 653
579
1082330220 1950171704 33634
30106
1917955914 665122664 25194
13380
818103939 934470059 26872
16883
1728602741 746585827 32267
15427
175894410 1508033880 11789
11555
2126353670 648725049 32917
22125
1917572005 212932625 1655
1455
501208659 668774465 44991
19206
2074205087 1740685690 7093
7053
945696036 996303235 3834
594
267793721 2069342347 28574
27859
2141262518 587072401 16905
1823
22360097 202111780 34960
24481
1803618798 19425121 23599
2926
1425515913 2111632912 21501
3780
1714783150 1053475798 1922
1244
632833105 704513027 29955
20350
2018895098 28805395 125
82
2101075865 581121561 27651
83
1621145771 1991234474 23131
14197
838834821 2019891550 45005
536
1067654627 1460809020 17797
988
171138900 182115539 19873
7760
1910394699 2103993573 9638
8761
2052815517 113953207 4176
405
1130514044 1223176393 15205
5859
1088613916 359421937 14829
7747
239648046 312862931 6297
1248
936926775 396382270 44032
41777
1318410989 40186653 129
8
1649508088 548697973 7733
7310
548196578 964783977 3173
980
1155456835 357861286 14044
3029
171669981 1543644250 18803
17366
1315575713 869922053 16141
11447
941587589 2113563228 44502
30277
1959763179 970561821 32485
32129
576772039 532531855 35212
17495
384710729 599186775 36835
24539
1793860263 130727852 22969
19929
931673823 1000211558 3063
132
915010639 260886611 33561
27625
88252316 1504618939 27980
4776
46490286 2122540856 18673
15177
53801308 916943935 20786
3202
1963333280 1071555980 34319
4257
1691270754 2142822833 9286
1202
2125684762 1506131457 26264
7384
648005672 1072736049 349
118
874032063 163485849 7889
5314
587472246 1509080219 4902
1890
1733880789 1387479805 11727
10026
729431373 400565074 13142
3355
1340191148 853335273 13140
12608
765682959 1913272893 21482
13345
640113708 522970731 38045
37862
668551203 568861096 36147
19686
116604094 102589509 2922
2536
634124061 953472708 35423
19478
1072304054 267004967 28821
24917
1539129482 1361703900 28940
2756
931055675 1606501687 13238
8891
638181673 467404166 36186
35257
419828642 1233901907 14479
9929
981389083 351079606 27825
5044
1968842047 1360001803 37554
31429
221603867 7891964 11863
6615
400578198 205480860 37592
5144
837966407 470868152 30350
21351
91744768 1099756728 9366
8506
1049352591 1804610966 2882
1123
1420884880 1948545313 35370
8080
1415294846 1982110931 6620
2336
382043975 1932035 1200
1175
86123790 248722561 31989
633
1004123536 1282698658 40978
38238
993384753 812765661 37567
17476
2048705184 850700187 5592
1752
785868891 1138551284 24950
12261
1746508337 93089268 24506
22429
1354453574 546436905 32694
11918
1242940680 1517959698 34025
16400
537430799 1707987850 11869
8680
1797856187 553547201 32915
19622
1433571005 1987043539 129
101
494198753 314454408 45406
12637
259665564 1981326518 28822
14338
1654980807 1245843662 6193
5901
840536191 1148131054 20584
297
2021930751 635015989 17479
9381
482891980 1816270156 40762
24652
1318621318 1175074047 34590
26452
687919127 990666757 18952
1895
2053151895 466692737 37162
13581
1348975610 1343012213 5594
3200
215580033 615134179 21819
8313
253153074 291670138 17783
12529
1199464741 1486842773 5595
2791
1947464041 1846956414 31248
30241
1228140018 402404488 7981
5754
622863809 662983695 23153
8646
1887507558 1314964207 19092
17916
1783836503 114949687 17521
589
550464799 1953763273 31748
10779
1225995436 353997316 32684
26128
1760942333 306005197 44243
38410
27772607 624956159 11502
10985
2090254131 1768777677 7409
3848
2133380800 1430910886 7109
887
1629775266 1518640924 31841
4509
154901887 1607262756 12694
9617
508417866 1430288086 42104
25936
649222594 1608951699 606
40
1521941415 579227177 10794
3333
199170804 1850171922 10474
2560
1500309225 2120952952 24445
8000
892096263 186521708 33252
8841
1545245441 1200367411 41537
27427
1984315416 680093325 22478
16758
729626010 1901610405 43838
12144
555333309 154061237 16050
10569
1483851857 395562912 7477
1241
883009029 717577570 23115
21891
1710924739 1111719739 18224
91
2022267090 653314839 987
330
32812383 1891083327 44583
29457
2005438986 633071575 31450
10126
1344065573 737679003 28745
17297
2082133711 757140093 8781
4459
810813940 671586097 16188
7540
909503024 2067080231 40024
21632
143994685 966608106 9175
1175
1903875729 862802594 31388
20657
138889995 617300196 30283
2979
61652580 1328655171 26375
5000
696414072 1670461998 11805
1479
1879202994 1951503033 20208
2976
1123083910 871670671 27373
9710
574095387 1358751383 33746
6989
1559156841 1549201793 38537
25642
2087088819 72195089 993
885
320998116 801421715 25724
25560
1137195851 1878272405 39579
13526
1768046689 276420301 22189
21991
611480392 1866548991 341
215
54066199 1282412993 33587
24844
109833600 1385719639 26632
10040
2007326420 1079094593 18721
10263
1961184763 1933902761 25795
15938
586286111 1717382945 37878
13919
1008783706 344718888 31528
23408
1816186191 199284823 11763
10818
1357383909 1888138111 11377
2440
30162461 1706701868 41855
22826
860345839 111156305 36146
5171
2055696559 511603518 24872
19393
1252767451 520029188 1648
961
7358402 1449323241 3528
3032
551744724 79762399 24612
9120
1325908409 507297000 21903
20188
2144197242 550909740 3472
1520
78850010 759262983 44866
36362
1714679932 942777848 35977
12093
1618149919 844165937 33269
31252
1029274023 79671139 39413
9236
1441972149 1146980581 20887
7709
1339967626 2052971851 30691
11340
42804233 1481002307 25837
21026
1679001980 1001425304 22504
4640
1297602294 1264441467 2580
1884
1552004611 31475500 29797
12288
1659714502 33448866 24941
8198
1778783780 781495829 32354
2200
1743381319 341016627 37036
211
1632824806 1782101179 39345
8221
682063508 1125568026 29555
4509
484464383 1257256222 23311
12967
172645855 2133424430 12986
10071
1740187005 2101393009 26270
12255
1111019350 547331677 41114
10498
1036305766 417077638 39399
29203
1547741744 66145308 17537
11506
160917418 1517043168 998
402
670709290 1810672016 7887
3001
1616044966 1744069954 36942
12388
1853473573 557463074 39842
30171
1521490506 996938472 43661
37174
1820710839 813137911 156
51
1186740606 1379358756 983
96
779032315 2067011144 1717
254
2085884695 667764430 5053
4031
1741539290 707075553 44698
26116
2037972936 85083062 37028
12808
1010656461 521146090 37892
30845
1323429829 1961238740 34398
18229
714780713 704084536 8402
5229
1037337219 2034197079 33316
26323
1518489952 1737012491 36638
23254
2029464048 1363078574 37793
7324
1818634783 361001138 18003
5986
767155720 1529368750 34472
19504
2114166416 732308242 24662
4016
131320600 2021989323 22377
19924
1788016235 1962984284 10194
361
130428904 510834045 10267
7686
267332420 497281010 21565
30
560601039 471959893 14572
7047
1803663888 1889178743 709
197
683093216 567394743 23267
7042
683770947 1859558889 32184
22059
319999262 219338153 40386
13808
881685672 243500741 24584
8512
158492834 1356747060 26519
17883
451160267 583460113 17901
15287
1499843722 1396804631 1537
204
1071549923 1388061048 26459
19878
1222084470 1762131628 18683
2823
752040556 1258033744 43945
21421
158995979 1110975479 38575
22269
1564701606 1431073200 3559
2918
64672000 1595033300 3505
2805
1692997422 1468016973 37625
11852
748298088 1396226879 5769
108
1484015042 108839586 27794
20970
1917935967 109440772 43934
21091
1993179007 303820166 10625
8399
2109084917 1759026940 28631
13478
1999540787 1609170124 2103
22
625683062 1715442353 23926
1752
1982524326 722689693 27621
2835
1499070980 741274875 44736
36800
1064016999 386488267 24511
8052
667148426 1954329947 44803
34737
475050311 323251835 46163
2046
958845142 1885553075 35676
11944
1725263614 981588236 24785
2276
541465 313300619 17418
2347
1295299542 1603100336 39263
11463
985579804 212614860 46034
34126
65003173 1067314360 41000
24601
634858075 913257409 14534
2893
1134808042 2132427709 32693
26542
1362343737 853918968 40361
21051
900072967 1326030581 10724
5591
563586454 1634034606 30982
1282
1334983173 1040695645 40376
11941
591618866 1047903095 15836
12904
2107678731 1981982861 8834
6757
472853596 203771438 27743
8813
253627600 78437195 3752
3112
1150047284 602145253 19141
7371
176213038 1987675883 33608
19312
1465780630 1971520747 41012
22948
138243684 362919877 2755
539
1425640467 1247952145 24487
4732
310181447 731713088 45672
42601
383754802 1798080278 28471
16831
262246127 1620867954 419
379
1166204150 674662991 23278
10790
264148112 661954446 41618
7078
229390172 1108716137 16734
752
1696562745 1897509330 15621
10446
1757441926 387373416 38709
10063
2025780679 2016686190 26254
349
2117975330 453375182 14781
3922
606184849 682038264 15840
4321
1422119036 162672149 34947
17024
1316592456 2017356445 9233
2713
1001954192 887801157 24357
9263
867604322 1157492535 28333
4222
478719878 1201632518 28259
8526
2119436389 2056337159 30247
1148
1499671142 1876561369 32323
26406
410868357 700223168 7431
291
322707007 505457770 41622
5089
102744317 291754444 25193
7942
1481911694 560019301 46180
40164
344727479 989512723 10774
501
309114274 1060281363 26733
24745
347641209 694608553 21788
15905
1742608029 889837604 29722
323
480829478 1547060801 17588
3980
2054575891 2146022588 11750
6871
1430779478 1253997354 20564
6384
1383587901 1011250679 34740
2961
1275202325 993885449 32625
12875
646446476 899209875 12862
9070
2108751821 1533176275 12893
1787
1320388165 133992399 4578
3079
810284004 1810322115 21494
7248
162844048 1152029933 25505
4448
488218289 815743975 42248
10713
1114458791 1989361176 23863
20560
1113824063 195652073 6328
2951
622971102 51132216 31365
25416
1187147832 1108623225 45870
2232
1036833316 1181395596 1433
16
1874428311 1848678380 41925
16701
413661460 1781339855 32457
28831
779891294 1307924960 30492
11452
602933877 1244291887 7244
3589
1695949521 1267935430 2201
900
1918491373 895369612 4219
3471
1799547064 160743534 24859
20996
406018059 1680106060 15182
8089
302831210 1485780719 31980
19940
1291451287 133240333 25309
4759
233857751 1920934335 13572
1871
929659882 435899384 31307
8390
1386554138 74556829 25504
3968
453724235 334567497 14705
14550
1840295861 510890186 23712
5305
2104998677 1074505228 20083
2053
1351538173 1416140106 4602
2209
1930238987 1384769899 22024
19211
1061871641 1468410252 3638
2197
1239324523 110830250 6378
769
22100917 1635923654 25348
19633
240215581 369076126 31739
5863
1854257601 766289639 17954
13521
798615868 531937235 17712
9808
1161102584 1345822829 42589
25067
470571704 713205845 25230
23174
1752197616 345316180 8875
2576
551363626 2087396761 18657
17227
959599208 451102411 11570
10812
1755758104 2015271888 24060
20476
1282262880 147229615 45557
10160
886328631 431623318 18258
13041
1654235236 1600080280 3061
1175
1775486281 250741076 6651
3337
98644387 552922305 19080
11107
1539924477 769136403 841
697
1194476025 591299937 16297
13179
1146840093 1634610554 41280
29289
2031767292 1618220938 36597
14337
310100753 1428100020 44570
23571
934676763 98499497 19389
3525
1864546914 1663836635 8302
2708
857086204 274773953 19727
7472
1127532194 963820115 27202
8060
1027401814 2124194982 2041
313
103059902 452719239 33112
11608
2127864650 1567158378 39477
21295
497217366 561282079 30727
18694
359768372 135422787 14244
6308
198212509 1002044986 20735
10076
1297600597 1344134483 3712
557
223840345 840809518 3286
2343
1557197838 381581119 22368
21024
499495251 682838273 10668
8139
1272231206 66943831 38301
13400
1642078842 119438279 35775
21303
1818422613 1928707390 25150
5199
161536084 329719750 43339
16091
236007707 437459397 36353
11002
1622013094 1504778542 32981
19318
1872088559 658873695 30646
7139
2100797131 1977415244 38133
30553
1088628952 803561469 27694
14698
2089817172 693345711 1536
0
497905139 1628369399 19083
6311
1335087205 1372469807 10667
5317
1796492129 865173177 345
344
1149687136 527273543 26344
15752
1942867975 1136064513 21890
19765
311038618 2135316285 8704
5120
615024161 2082668391 22103
16029
1655639116 774890339 518
94
1221633483 1318917722 5115
2964
7794190 553449890 31577
30174
374513755 1876089087 26657
20255
1094363580 1811114592 18317
6358
1124105184 1048404149 26164
8784
1190362817 1973004612 13802
5151
1512429340 722401423 2840
40
199391371 157929156 18155
12941
752754546 777590334 17603
5564
880035343 1474793011 16360
287
1194335541 989749670 18417
17073
860355527 113453722 1156
933
257326014 1788697939 6727
5027
700107698 775173381 17234
6908
2132943211 848504395 31773
16870
165580735 1334417081 23454
5929
1338360531 1572144991 2367
1215
384680860 143209776 1133
278
2039848073 1022242112 25053
11062
1543145150 1402523291 41503
31809
647631626 1641962059 8660
1376
477200712 2047511686 17724
6960
2142838585 263749657 20175
7450
1158921152 933036803 3978
818
327882078 812321642 45201
3786
1480415697 213931807 31438
13031
1516400810 587173811 34324
8304
1876300342 1689158459 44239
32307
648497188 809654681 18267
2119
800990144 967991101 26729
25512
1040047166 861664511 8333
5051
535863731 52476071 27636
23123
397372025 1655742499 20467
11628
651068646 170225797 23104
9600
151961709 179439379 13791
9696
2072840753 56798782 31901
92
105260874 559432376 17442
3078
1851563805 26744339 17594
6125
332686303 918814931 45321
9034
498648057 1976187171 26711
4954
2122308675 1341848441 31143
22437
1843738817 118873986 1541
1
1945615672 1939501994 16397
7376
814016720 1083043672 15228
8044
508432052 865332164 8998
6900
519989476 1724338633 32578
31128
1411023479 723140082 16246
8933
1515651760 695729270 8816
576
430384952 1335967008 18017
3375
1718308815 203177428 27645
7620
1327891369 2046207615 39425
7124
1858102998 676243618 21058
8730
1774908868 455706539 1307
711
567735896 127225081 5714
3892
718526211 1438727801 35041
88
102637350 1343131753 28244
10288
398401466 1960180474 28958
9282
590568167 1235108225 27039
10001
485001106 606656915 13943
8511
1034683478 1413353865 20077
9384
1383935768 227306857 37467
37034
1626184429 1633608998 25556
12621
1026117627 797812701 4081
1217
1588570658 892564255 27375
9482
1449153687 843287583 12859
5384
488075464 797125549 30307
14724
932170021 327747602 46185
11116
1673507995 1319907349 8426
7203
2086668490 737323202 17503
2048
573991886 1373101892 1502
682
329741832 740225390 25675
16799
1277658415 1331283775 44180
26235
675939516 1239825429 42134
25714
439552647 1224003370 11768
9
1119807277 957314455 23038
8089
73327851 1288898127 8455
1
657132088 2144409289 42230
26988
1389117702 102513457 23426
11152
937555370 1857911420 22763
14517
1345843965 1686999586 19341
17910
373220314 452125741 33926
15818
119501843 1258828826 3288
2833
78795773 171495272 35809
17066
695996777 1959619595 36787
28530
1599366313 492617374 27000
7489
1594999850 553700718 7825
7675
1470348029 2013340639 34437
9821
419278748 2064343445 29696
9216
260055337 1088107777 13761
6169
104230058 340103045 34976
25888
992518716 1477579198 36690
32076
1056316654 66332333 16656
10000
1120608243 1000305434 39833
16302
915277354 2142015725 24112
3024
879816834 2108618958 3988
972
252231246 1937235036 37922
10922
1981862031 1490039167 28143
16821
692290261 2022979583 39298
29291
1447860721 2101425213 11551
2108
196018206 2006930153 3684
756
1662110579 2122049362 42701
34802
38631453 1850961708 10402
5299
4474276 543049659 9199
5787
479350250 474391607 36703
3232
664107265 555070675 43563
3916
478505867 1686945561 45384
43931
1191386556 7824091 28017
19665
1027815850 269851674 21526
16556
316645300 300228455 34571
23301
2026650543 1755939580 2426
2179
236611686 924590037 24618
15684
1675248227 1400650422 431
285
1286010628 841185381 5560
3608
1850232944 247756969 30085
7754
1331094689 1502511781 21916
19753
1750815418 28182995 31675
5107
1949817680 969354854 8944
3808
579541456 1152115297 43138
20074
1019848308 634294729 39968
29376
981328349 1869469800 33463
8939
1027440782 125307381 20167
3018
313894274 242738564 36625
35526
560020003 1136342685 28093
19512
1998842198 1339978886 18251
9599
1845550884 1488637259 41162
33914
2051654658 1844204808 19741
15154
2129383612 713313529 5871
3544
134174354 76832863 16974
5936
1845394762 1804553877 41430
19072
1289236513 655399919 16537
14395
315252322 304682279 24151
8239
854407644 822792162 2643
378
459591651 1017200415 27184
11947
1465845990 1190795415 22427
16678
166005008 2098459129 38342
528
1716203119 881474219 39078
18241
91555293 1115677297 20232
13581
937374148 999428384 24948
7912
1278687794 893266428 1046
490
148009000 615983159 12638
2348
1924810477 1418267137 10378
8155
535548207 1683589876 22340
3881
1874044599 991143240 14368
2945
1785101181 1592063007 17846
1895
1802533970 663537622 36036
13588
1380205148 2115652993 2716
1848
1157208758 129191643 19919
1953
108996702 1197681220 36408
4632
1976265772 1525361821 31348
16316
2110526604 1723203497 44819
41733
73975070 311582651 8658
2678
674104883 1688519160 41431
18721
558381192 1777940448 8953
4012
741563007 1989642167 43973
10830
1145116588 453937759 36060
6292
110569175 1282323825 7248
1511
1633638157 2045966293 19963
4765
2070100784 1138283889 10505
1719
1810072323 1815813775 4760
2467
941220144 706766082 3415
3146
1730042712 1911001642 30543
693
736319363 1711126111 27631
6577
425787137 1128429087 24222
12449
1897473483 821823956 7288
6809
1858471775 415645750 6194
1521
1032748679 1111363761 16049
1491
16108332 1865696597 5245
422
1116846780 476888447 39375
0
1151912299 151357933 28501
14332
2061909387 1011516207 43593
1275
1699426008 1764644695 23115
4392
256641198 1159003943 1697
96
622391236 408797225 19212
12988
390617581 1832265685 3321
2047
1360872300 1883648321 26415
1395
587384537 211629009 15594
5699
199758393 777323644 15201
8721
1624326103 925111812 21332
7285
2062673706 613195932 30946
19720
1738186186 1731890711 33658
12970
2107181594 511361397 2523
1139
1249796724 198047475 25995
20469
1414021826 1601830577 30299
6938
208392598 410357443 15161
4985
2000931813 1772974398 722
653
89143258 1903458127 15984
3712
600578514 564527762 45039
23085
598144270 1862150994 5054
1730
1315739018 75099905 18116
6880
82621234 341451139 11778
11290
792010977 1031688697 17789
14107
1478010764 430919634 28503
26434
36981858 111075576 36373
35017
19479429 1320846358 16341
6018
1465996332 2138849442 7919
3916
1883478 1770877937 28044
16884
955122220 1973530448 18498
12106
693389422 1137607672 25190
24046
1620039254 1509037324 17192
8576
2030203964 2081541353 2653
227
365130025 1331400592 27197
20524
858317443 1563865268 32932
6753
2025660022 522921049 28960
3552
860010271 52161400 38677
9941
1202606574 581099085 30019
9054
1329930492 1279631585 40369
18519
2014710009 1313855540 9748
369
1687395469 1274982661 11122
7571
1836070206 98621555 44054
5242
1804510859 2005455157 23076
3695
524210238 154261541 3820
2988
1562653276 1801833051 46112
33888
1644386288 607678889 12408
3896
988297455 123707103 26929
7979
2105049944 95111949 41460
23444
1212322548 1638266495 12009
1383
1923681545 290108762 4951
1923
1073392498 15493955 16566
1000
1818725602 825218203 1218
148
744975100 1169730884 31618
5212
1632071368 221149163 14349
7660
272688807 335800033 44136
43983
1615364681 1787436945 19998
7919
1401719285 1833027851 14500
6125
1295801025 1026412554 25682
17579
1351232374 1729829172 25460
12636
741518937 623747658 13117
4434
1485056085 2028312961 37015
17310
839960218 1598301387 2995
1322
1556815704 1891411321 21074
2654
2080511482 899411188 34211
4461
1257224108 1503709734 44237
23080
583007349 1832361137 41146
26517
2023469189 1744441514 43121
39911
1777242553 521962260 13046
12607
1704936690 1925075120 24526
20616
1725021023 467493228 26820
21601
1024030866 3456163 11782
4524
857405006 147015283 7344
4400
1097086791 1580212236 19097
1483
1906615920 58548977 44096
17408
2097618480 1468691450 20146
1506
1234004691 38576917 36040
22291
1287590497 768225025 44127
36745
1420558796 865533395 22157
21558
757009157 1855297179 32505
8408
1110781837 1282507175 39288
22885
1149686185 1979278328 30726
1483
1881225817 1056480616 19334
8759
1039448426 399819102 29276
16888
1709721738 1633404205 5441
3276
1021813270 116853269 36379
33590
2102287573 1827107720 25911
12304
1818431542 470931999 40708
4524
1613862228 437430526 39850
10554
1345404643 1750955717 27737
3962
1666677082 100395849 9478
7518
981452795 2133788601 6424
4283
1211756026 756929735 4893
115
619591178 216392663 8895
7097
37661638 194556265 38545
11428
313492016 1725352406 27670
17796
1792802781 398745526 16156
13685
1488380901 802205231 609
504
305596244 1439833942 17513
15061
2081695358 1683307604 33271
1730
1724649890 535821174 31354
29708
1758032257 1520254991 6462
4057
917492700 728268943 35542
6662
2101927487 1957540891 32528
30463
1459138241 1482696395 34757
16101
788543623 1780769904 5964
4333
100256741 1300370212 18548
10209
564447383 1700085509 29179
17391
536726289 178296181 31196
18645
411012292 675856551 14975
4508
1633613532 1277544315 26350
13918
832390141 1042424935 39447
1462
1106685935 427113028 17733
4894
1486818209 1543482963 21516
8861
1782688863 1838358941 12703
3741
1388756592 29242659 31656
1872
564958049 1664536268 38983
34346
535199442 1981438617 8264
5872
682286035 1160202507 21217
9787
100798355 1221305968 28958
16543
1001232635 506480408 1131
871
953144592 468313955 14674
4016
286301403 626748100 9501
8781
1930143568 1829341335 29210
3682
1602074460 760922179 41094
17172
2009961951 929242167 43356
13971
763521909 1295453344 3217
3041
2126165429 1993537890 25005
3346
1034890621 1098414090 31151
28684
838168386 150104106 43798
23362
844835824 1005887580 29202
4000
1627309758 485585574 22377
14397
944671071 829544271 29564
25195
2056175353 1102455189 33446
1779
1026721023 782298128 42783
30234
452890809 1080608629 26337
12063
626050143 819807731 4984
143
1121492744 1484760093 44740
26764
1192905289 1022550853 14251
3653
1041092109 2065737618 32743
25022
1383890878 1595616664 10286
1666
558049032 1085307744 17769
7824
366169 2122248349 5942
4911
867368341 1065290879 2152
629
639165229 854830203 4165
454
746558961 1099444406 26137
997
1323608997 581999812 385
291
223072907 212118243 31888
7331
1798745735 1870826727 36006
2111
1427438083 434404469 34753
29557
376576390 2051062609 19665
190
2000145121 672284475 35698
3081
1073334213 468671991 39801
36429
1159224825 452524640 23863
14807
945179833 1906165449 41042
6537
131262444 482327515 13593
5598
1880338116 446346328 44680
13016
1596670050 1864966759 32017
8167
1499578051 1160817971 29854
6285
1146347619 906786943 29389
10128
1302326268 720411733 36421
18030
812301884 490791951 25068
17756
1335891243 786503755 3940
2747
686159630 1820708395 13611
4394
1514249378 164384172 2794
16
1059445181 1425376721 9785
8286
1723263171 1667483291 29962
22993
1038681244 1694583614 46082
29706
1687411921 927389987 4016
3681
1575036141 500567070 35798
17269
270823751 2074470241 36886
33461
482509367 2004382204 40559
2944
1565483694 132877949 30542
5040
740288580 942854848 39776
27008
447384162 1194178486 16683
1377
1439817679 82420672 36696
19633
1354262634 440132870 40631
3894
930061980 1570568095 29925
4950
2120949099 263645024 25319
5987
1699785739 1272373610 36918
30493
975616068 1908338749 6171
1743
671079224 415335879 40864
9888
1068887368 1031740011 6636
4276
397362265 1641445134 27890
23175
1185546590 982974591 15637
2678
1692675452 591297082 10798
8510
1362420208 247594242 18233
10538
632996910 220773507 1305
450
1923508901 1488245418 10874
7169
322581394 509043915 37563
26143
706284788 2013181602 21751
17996
1851971534 1912156159 25506
20654
1557370722 1923788585 16807
6044
1026883426 370930311 25855
11466
1393096972 956900369 20417
6455
590426125 1891999037 12680
205
662158857 428273647 39269
32724
672906638 337365531 22113
10583
865916296 342619158 36415
24841
225502485 895053970 23188
749
1389819655 746305974 11279
7601
714232082 1838561124 38318
16472
284510786 1481058703 26289
8942
1690112344 135304730 17587
11111
1869046168 335536782 43678
31554
1794288654 1387383585 30455
19484
1261746464 1333082776 37627
15389
2063792289 1807906184 1743
1506
2068389238 33378150 36162
820
2130692265 986055238 33868
4073
1641918151 1331868237 22199
15107
1851752146 1784547418 38240
22336
675468212 678864890 27315
8629
1317907851 305915339 8868
5211
1516775072 1119530160 6322
3162
1004839445 951344117 40
5
1148115437 1219111289 23795
10127
276208457 1111239668 36888
30625
1478327727 1473511013 23432
15983
441925828 793326491 38953
16280
99931108 301302168 10682
4950
1796248725 48194193 20520
9045
1933741176 17294022 15072
13632
252039594 1118820442 15289
10298
145533893 2091322260 22165
1
1332789694 547017217 14854
13718
1935284998 1063549793 26531
21593
1673987322 982576828 41311
37621
466817781 1365709694 4761
2295
1466763421 373424419 6712
5957
686224547 233542384 43870
43461
1608123565 1217976743 100
25
2063420516 1868009994 23118
17320
1489532424 1218581916 20156
8232
1450839385 896075843 2165
1550
394200525 130674564 25191
20169
682287404 145538033 19993
4895
397507413 654124477 40509
14310
575665294 573427433 31639
27361
728059516 1329430944 17910
8956
730291571 466977755 38655
33866
387436606 1713298694 19103
8843
822980296 684893975 18846
17614
1022554266 1416852825 17835
501
1764523704 445752574 42994
9878
295467585 223147937 1867
263
1814136749 72617256 26650
1
1200711161 784476017 4918
1159
1532026256 288717134 37264
7552
155761701 1032458271 13909
8044
685887831 1335361000 11622
4239
241367821 759240853 16219
6792
1290180492 1063402779 28705
3243
1362496436 1718703876 34380
4996
294055538 1807216785 18907
147
100002926 780467356 4497
4495
2032292468 280197709 7559
1827
1379708002 1061406414 27120
10144
1742416663 1677064057 39488
20311
1563466864 1002893997 30741
4747
1305860151 667218595 38840
35671
228796207 336666435 1759
185
287911820 1523155883 39575
2500
1240847363 1152770740 28208
8609
903723836 451640313 10820
10776
1789254541 906655623 24271
19358
1499201178 1432023330 35728
3312
1518529651 270952880 16233
15649
294269814 1453663476 5912
5456
1429249009 646434805 26534
15111
1069102423 1874197275 1306
1163
2053162883 56636285 22690
18433
1940828532 65259331 31732
31128
794677030 1959574753 30314
23778
521860182 791445105 27511
16532
1190534338 475984166 13158
6400
755416661 2100645769 16625
1266
705242506 64265686 37080
26896
1916331782 1934814147 8551
1240
1047658789 2082010040 22237
22059
1955020886 1006146458 18919
2090
604334925 171744940 30772
22409
1246720023 998044600 8524
2341
1597395393 1995909656 18156
477
1801676176 704524148 34956
8968
250938305 996669469 35108
32329
1624833593 1251219123 21097
12347
1811672132 673832348 14960
11136
459252009 363859917 39056
20329
489638115 136831101 5812
1331
655219566 893169743 2821
1
440063744 987139791 20574
10286
528074042 2065008904 13373
1369
1996337151 2091297962 35074
12437
214762073 1305504915 2261
722
2076495789 1051049977 32524
2101
98422090 1665393477 20244
6364
916757940 1570308843 17928
16200
52807296 143348754 7171
933
183448395 145082916 42194
30805
1763609170 757081908 18584
24
125698243 942175827 23796
3907
710663354 1361612432 40241
20183
666503929 1870347910 23287
8735
1007291257 1775980089 28212
25993
1499739744 1596910059 32709
4266
588536570 530239867 31511
19463
302706404 391216025 13356
10052
1478644754 1885945273 31728
28448
1447425668 387256448 18208
2176
621114185 344625647 41429
39102
811815142 232727981 28791
28024
764209714 89063830 7841
5116
1149479847 1365832435 39638
9315
1789840828 1579401808 41917
33244
2006484113 2056950330 41901
27535
1670869756 700551199 14974
4500
963986677 1742395472 38028
9553
495075083 1460902766 7895
2354
242292228 794537136 25975
17671
1779879013 1410721333 21025
278
1021076967 45389744 32923
7089
1306701871 195476115 33301
24552
2120672401 735530030 32537
16755
1152481992 1586540370 28309
21171
1770856042 660349223 20700
988
823875704 1619644288 42650
4736
1676015793 1924039559 39579
21963
149868695 1804611155 16178
14005
157599292 316740059 19838
14506
968350171 521917486 31117
2199
1307098534 1517084481 45371
27696
862565208 768763861 33102
648
416806951 699782242 40168
30209
398560293 1697681002 45585
25884
1333559760 1958988332 3364
784
450435617 871702688 17275
2266
1554051666 1565900171 28535
21066
1374719258 103863220 35263
34272
1287650735 871208272 8379
2989
776008441 1149102579 43723
34934
623943246 1152322230 4610
2486
65835888 1992867105 1499
1015
1356779977 908290834 44000
22609
1572769447 407068753 19850
1777
115004375 1277455500 4885
3050
1869167727 963792582 43008
32865
593858720 1854647322 34364
33060
118755319 1561782152 23812
15945
119633846 2079862923 30495
10571
468429328 1722398120 44129
29346
1145749828 1788282157 36644
35124
1982738159 1922100694 11768
4505
1898892272 1267723872 45608
27048
86399213 1241139287 45550
4817
908968181 2128765866 25006
14587
402514449 1259714883 21015
12879
1407806864 1565966655 44342
7732
542639413 182149721 31115
7183
433698685 505187927 37504
19765
1257595229 2093685689 44462
42603
803718275 888350649 28772
19151
2141513420 427019619 16535
7155
1369182383 279749863 32429
29902
1828483432 2117759102 39781
16206
2026985243 507459507 13239
10601
1629109164 1357270785 34105
19039
2092153191 1864603044 17698
6743
439329894 1208106111 3376
1152
2137623546 603110415 34658
26320
256224406 1549039474 30575
2721
954818694 641297043 28517
19346
53117045 1430164585 7613
6178
777519140 914938408 36721
13467
392561175 1180815713 21146
9291
1618536561 1726807079 34433
17482
211346980 663137817 39320
15520
828430869 952073168 27953
440
157523792 1312925685 4944
3488
1240339789 364388381 39440
37469
1176944895 3889874 42540
8445
1307621454 1112957977 18950
14134
85925686 873664738 31860
7816
522030527 1973868198 26429
10685
260719397 851590024 9545
6901
2026237333 1699592016 14755
1886
1987666667 968276980 35147
9919
708223912 1926276566 45044
5524
1931442222 1575277184 12882
12366
121511978 797294902 31847
31184
1092439185 960260903 22998
3441
672544100 1748057891 19659
6854
1877837043 1232423368 1465
896
101770984 1532610875 18410
5054
119229141 1836800100 18056
1
597395292 567711472 2169
1062
853068412 278770106 37996
36456
1692778961 1400156769 33309
9476
198945506 468720984 4858
918
2031420253 1523662879 36363
27166
281227730 2111897355 1648
1456
607054 1577074989 21872
15344
159002365 1735658944 26995
21125
1678767490 148400290 10081
6809
615929595 1885895683 34162
2959
775640338 588994771 1931
647
1250702979 1334046930 21742
19433
496483162 1415927213 11189
2182
1862521336 1547143871 36847
35251
1669664803 473598594 27606
25801
685951579 1993900437 40055
18699
530176943 1968026901 33839
740
776772505 118622087 5605
810
1970629618 438392927 21137
4707
996951011 1321784569 2814
875
1293648668 1076849366 35858
33842
2107928943 1570788815 43744
1199
135620489 780717274 4092
157
677598728 1932228215 15018
6290
1705328687 285569365 646
141
1453503161 636821209 27234
10199
2119162520 992815911 6517
1084
758408159 85752652 44567
42887
14952585 2146351480 10150
5975
1977235002 1427557008 19327
15
28029537 1647015798 2032
129
388154980 568872668 10149
3688
45843047 1709219507 22664
5023
1399610694 550331090 26179
5531
1666628187 2000061862 773
559
872227025 1218927465 42737
7410
229793993 517126457 42058
36895
1864959472 1025272138 7099
6108
1975869963 535240509 21387
21168
1743875951 2092976358 33920
24161
1556837176 305869134 32382
8002
1441445593 649569191 6155
4792
601827498 1317173707 40226
2956
1707120260 1407660113 23199
4421
211766924 719551826 9549
5242
1236283984 1239263619 5032
2080
2029553743 1290209207 20013
10171
637319962 1747441009 19646
18010
1094082285 310553712 13417
7878
1912657633 559768664 726
289
1626681438 449450744 38059
9508
1625856091 1990257165 5276
735
1860022897 225182594 29142
409
1898069916 270399527 44220
2736
116356025 670157380 27123
20872
873970016 1653192548 6597
1627
2033967484 739585979 31148
24332
757922277 1861805855 17323
3029
644496967 919517214 15233
11121
590213362 347363308 7316
7148
1810952404 836653512 16344
15760
1830548185 80438822 20677
13898
1458842200 733394480 18920
1640
198022865 1523744734 21883
834
1030165413 131483827 22006
10599
1025670257 520963937 23246
21277
1800964207 220112269 17368
16383
316023348 2026173796 42459
4029
737655269 868759161 15863
7557
960959645 981359124 23105
16865
1686033831 1269809535 43703
3433
1011477192 87117512 34121
21197
1291832362 433291487 12726
5842
298740622 1562611463 19848
3736
1576425651 1835944619 29419
23639
429379512 1875240511 37338
7884
1930441118 1766310357 8601
4115
1776111790 936732802 2746
942
1681654315 1494929056 20672
17409
937222358 1092892916 29329
13466
223080833 497882555 40989
26027
1953522004 659472681 5480
3384
1136261739 18688221 958
333
1586063665 1881321542 1892
441
487565071 1502223585 17371
12133
2032530390 887081344 4105
1080
604341440 308275757 24621
18821
1152290155 1178002174 29402
9557
672186674 2057405688 7188
3400
1898051894 1477306524 15961
10609
623266299 354610004 32106
21195
1378038897 75659789 22976
9457
1167762712 1770387294 25387
4453
1109389693 1440601420 40062
13795
1685955713 344377453 43858
43391
310880827 1288546719 34137
5167
1469750233 1796607572 13117
10201
767734186 332880918 16931
7872
218161011 1218274325 31664
19811
536986589 1281335330 16175
5401
2068342113 1385693492 14865
1716
1452177859 962797366 32944
28361
747273879 1257009821 30783
24366
1887739192 864767678 27279
13267
1161240886 1642435394 21906
5068
1431933654 1613818089 17989
15351
1477543599 361305847 16591
3018
898567516 428301661 39450
39166
131824391 2003015760 469
148
703265059 1159877886 21684
19033
1744848527 630776123 10553
9197
426921298 1188531227 1185
292
1167686946 233777854 32995
31456
505760924 1711090595 681
119
155429068 1729494688 20108
16340
1491153662 1753976947 18082
7160
1916942822 933711004 37804
23364
633739307 1206926637 19853
19486
2128175318 1169774597 20659
12250
1008166392 1320353468 23893
18003
1504982452 44008820 2096
608
421694685 142890665 5050
3525
775125733 734319588 9795
2881
960250056 264246708 29779
15639
1452044634 971782675 17213
8356
737322071 743138448 18262
7663
896342705 788154376 5374
1847
1331283562 933805884 4881
3202
1400412875 1111109220 33907
31815
1716506128 446229627 405
82
1244999744 159520554 22893
15523
421798481 1148262119 35973
29609
2081888610 1881218030 34237
13799
697848339 716027929 22003
13913
384025004 956692766 14446
7726
371899648 1329178320 5075
3851
122330584 1390853247 9207
1162
111101211 111823687 11484
7767
858226440 173698890 27139
10228
2018448700 1168765457 25447
5430
810142069 1206103252 6217
1756
435147537 1862733959 2260
1513
319132202 1030246153 42531
17576
1278100771 802917108 21782
19225
1407170244 198494366 1557
756
1376865101 947258558 45846
45445
1704186233 1028513227 41634
38951
1336189171 1594175544 25956
1
1739604128 1133898533 1030
788
528708941 1711055688 21030
5491
409395192 63439910 15374
1716
407338931 2035189917 35765
22146
731567398 2096361114 26789
10613
564738142 52767446 6451
5829
411623406 991713460 12687
6465
1564715731 851414614 44469
25141
460072645 1628844986 29647
19253
1280573465 314262467 3027
1940
1397334192 1621436545 37966
9634
1232713581 843027056 15728
5249
57029287 1937906908 31649
29671
996440974 868705579 15957
1114
296951492 999831313 6707
5546
562201770 645297703 21544
9888
883154311 1139448091 21055
541
1630482380 924565765 13001
4783
614923888 174888397 6096
2800
134367546 68636296 1774
1064
1748122897 1276305374 40927
27897
572200343 1157488386 8929
7497
2045480616 1646337464 27045
18936
512607028 507708855 5661
2368
979741702 1562666079 2655
613
1995942588 1267764239 43137
35118
1750024872 2045354522 21224
20224
375542888 397419154 28533
17134
1311990096 1914335459 15038
7110
1156949271 617789693 14418
891
446351507 2070145388 40336
29601
1384463410 1395801724 37544
20632
990299755 1872234796 42938
8383
2044518371 664204801 24739
16912
1892530680 370547283 13632
3072
713401596 650740678 32570
12376
479454203 766464947 22757
3726
430900618 531826321 3685
2458
1246147066 1372580009 18965
2666
574363067 1407693894 30008
13369
1864366239 888531345 22195
399
585195399 66255521 12625
4149
540557220 1742761939 3601
1006
530607676 1005642833 33296
24256
9240374 1852990148 29803
29745
1984587044 630495855 580
464
690558787 598588500 27267
17386
1334971094 677495068 43131
433
1761014501 15450889 33195
4721
1698505191 138316344 502
217
860997632 415936688 10024
9664
599190000 180152132 41499
14391
117896115 1307335281 6567
5892
46692122 172844376 22776
2848
1342518978 2096330174 41178
32124
1659078362 421660244 17831
729
937099347 1409043669 16013
11925
852014349 2031287927 17460
13689
127041793 529395145 4554
3607
1177223025 971664545 1097
324
1194211694 989535676 34622
7130
143642640 1817093691 12725
1725
1078472188 1557534021 36097
30472
1605476265 1866690929 31734
29349
1870063756 643866665 9187
4693
208132395 2139935763 15723
10413
90502632 101936139 37574
30598
711999247 761405844 18919
11706
1428621208 8983283 11483
2108
1802919155 472148207 38803
10223
1712120826 1088156737 7244
5504
253487130 999964075 28717
1898
1598500438 1198876338 6026
4256
1318599616 580606174 21829
14700
1300965451 1479106729 36464
21339
1418923580 1129434240 29939
16108
383361270 2066393045 11587
2993
1629871383 1086720393 18768
6855
457013987 482212447 4923
3374
727689273 862505079 39016
7473
57573737 1423036680 23421
21877
2022081029 2040839086 16800
3721
1134973485 1616576626 38656
29097
1242435424 757115604 20307
12307
449412058 919386663 36011
143
729664422 1558517443 30853
9968
1334403582 9697628 22162
11278
1292194793 1419557885 11938
9505
1261297605 82249443 31
4
1613425977 1943956790 11173
10092
1102662515 870811165 7259
1158
618609722 1261025879 28161
24428
2073707703 1426368069 34218
13923
911302195 283950095 35828
10835
1743518672 1288409493 28252
1540
1743367251 1180459325 3611
1728
1348398441 1874833212 23115
7251
945830717 1540769338 18403
9150
781077718 912862591 76
68
532147005 760783424 42263
11726
777097848 1669031155 39275
37907
1273634609 139772909 43886
10285
604688166 1978285983 38968
36968
363760471 803440366 2852
1961
1991515119 423101387 40422
18123
1514175076 1696159768 2830
1426
1391445015 1665414001 22642
19799
1981586261 265027536 1492
821
1594056624 156831798 31883
25504
1631047455 1985015651 7513
3568
1301574346 1541560698 14363
6561
1774645294 134204347 16452
8788
1987721425 469884063 24786
163
1422973002 1138679085 29124
6408
508972946 984637970 23119
10051
939029277 1101799245 24118
16895
1127059918 1414386289 29437
3721
2019814050 1288185637 26819
15867
909315878 942995234 30296
14032
1750979905 1827061632 45971
44324
556262612 1121124358 46194
44848
1457681143 1209669772 30412
29465
1614048376 216869825 6234
328
1110828593 1673937298 26461
18849
1129995455 2115955660 11367
7177
1847100423 1472613315 30812
18847
1145214379 655027347 25949
14939
359857523 503987537 12314
3929
1131460465 1429243943 5468
3197
1570215222 865329416 28887
9666
1505882615 236741520 17054
5109
1165695473 866710390 379
51
1356386657 1198775450 41484
24817
1809513178 1472464548 19096
3256
828770911 16231325 40739
1110
137910765 889818595 28478
1577
716118154 1209699102 34911
14032
2123614053 605765526 25291
4019
927908558 196405089 13317
353
1570124617 326220678 41601
31900
1155988254 43833154 32347
2647
1097687927 1752429625 31013
272
435969627 2111783629 26957
25174
509180189 490713766 5909
1168
1652905015 1483184848 28701
20788
317586780 1678570259 10525
4250
830180371 993549700 11640
6241
1081145084 854097068 38909
5476
1868310841 1529752209 38377
12695
1765755440 237786915 14465
6810
1547901553 1933745687 18829
12193
2142026016 653524924 30828
14592
1533389011 1878566631 8875
8561
450736860 1849424785 19972
19084
70468354 206937965 15515
5824
1344027701 470709038 27406
19549
1989471486 610321778 14357
10392
129380609 739944246 31940
6781
1388484128 74843170 28855
16444
1843393742 1376860733 4805
2992
1806219784 817697834 40438
36222
578939969 1108762283 15201
10337
1548766740 1658362646 17903
7442
2048898699 931681416 42024
27201
76470865 379443511 27871
6182
1761390382 1010676730 13965
5359
1084128625 524283140 22853
115
508395316 1923767601 38301
10690
4986824 1418520944 25761
6703
1539883794 753541888 12487
1954
91411661 1837478916 10826
3249
188607931 792000723 22263
5914
1199005546 1639012032 26880
4096
14533609 1942744608 20712
1921
440404401 2088056434 39405
6996
865314849 52909744 7779
1281
188546063 1774577393 26146
12153
690060630 759265117 18398
14814
1311117892 1297824468 22472
3976
99047930 573953145 39655
7855
1658133932 8882945 19525
17557
250978170 1957487038 26794
12884
1445781377 2035346581 37437
15050
259881611 562384836 32781
5608
1548983421 1069595015 15732
2601
99213132 67990915 42794
40638
2096308422 1287155622 29468
17708
833300706 1351337731 24307
13434
1514515314 1548834678 23266
15034
1796611952 1024973686 35425
31589
2137796718 1099957616 22983
20346
1555417990 503883325 41730
41440
55009281 189426231 2818
755
584437862 1567017119 3562
1500
773057947 2076148099 26158
20631
1839985389 1288560856 39643
20359
123555414 1211904760 26538
23070
1205702713 150223155 30950
7357
472113786 824833226 17372
10020
1925856263 883946503 8819
918
163472348 1796653072 21803
11718
93266533 269568540 34740
2701
454089458 2141049078 12208
9920
942644164 44203851 43719
26941
1852625418 1511870560 40301
37086
1200564390 60242759 30699
13851
2061739232 1822013572 5617
2114
1388543697 1673056538 42306
21915
411826349 932094005 20494
7981
1778261364 1083304204 39414
26502
1128832800 276636665 31353
23550
1869400683 420965514 41384
1
1302157562 679791414 38983
7022
1749765337 1385895931 27944
22657
1271442059 1328394897 25197
9695
1351268869 1500560942 16957
10940
1714142667 1419033043 16499
3807
1529839230 2011600678 26098
19246
148378538 922412298 2668
808
1197303969 1828923831 32043
6087
660176406 823311741 22825
7006
886661591 1961295011 41324
16307
573084956 2130708382 23540
22896
2097258103 2045890475 32971
17962
1763577367 311973895 9411
8710
1112762044 117101638 7438
5178
792851664 1208041127 34073
16564
163898219 64118697 39095
1429
1061943279 1746477217 8902
6649
243546797 1721022145 35519
32361
1794251160 104853593 21543
19731
321621377 1089588931 12140
1213
237250551 384780468 32683
4705
1400133723 778183913 32742
837
1842414843 1764368211 32813
26383
1384139122 1913745510 36676
19224
773298937 1183100141 17378
3083
1926418540 404452305 13398
7666
2053425119 496278187 16383
1400
1393473713 1972201959 4636
569
1502531199 329538159 8841
3711
1592351830 303006943 41885
13385
529583762 1441955990 29560
8064
2021017098 875511493 40563
7956
977561755 1540201588 9276
6973
61680503 468967023 9651
4646
291128593 1825287804 42730
23461
860376498 1617731507 11608
3368
840726203 2015316267 39875
26437
377468526 415679905 12803
7162
1950874793 991260485 12086
7577
1299765739 2045086171 9682
291
1107649970 250063013 31534
22672
1727072980 854555360 10181
7279
329758172 899765486 6638
5490
1072989490 948856785 21832
5832
191025490 1991744616 590
130
311958911 1102345120 3171
1360
382086087 642154701 18543
6978
2019247880 751625627 9391
7587
93151947 152115236 22146
16785
776557867 70142305 43842
841
1319742661 1825279663 35445
15976
2128695107 1101514180 4724
2373
1133356512 711539260 20947
15118
1508425834 530618326 15493
10550
230333356 1915220360 23013
8965
836150571 186443036 12331
10189
565999580 1638915882 43942
35308
413148001 917679652 30273
24103
1736839102 1235885737 35517
30997
1026186945 1633921033 15158
4229
1592997082 1700683952 17902
4688
423337640 1900730476 27428
12236
1516618947 209814030 19210
14449
1955890801 1326086046 8433
6166
1323665358 1021143900 2407
1857
141324278 1788914524 21231
1075
1516198488 1404485023 45599
35345
454857149 210558287 12488
5029
2142819290 906594660 19585
18065
239667594 391856005 43440
34704
720466624 107169567 26436
17632
268292320 2062912399 21091
6666
2035826487 1954479363 313
129
1942882360 1467015271 45835
9080
1828672147 757592426 6751
5040
1645593152 1236966290 44107
32606
1291395095 1595514824 34406
11923
662032119 1657472104 4951
4189
736767924 1138139933 32155
15549
250913111 428001997 21452
3647
363460758 1276951353 42411
38727
1024601993 1235424177 26303
6183
1313187633 1055373038 23860
10769
1281602001 252981438 42767
1927
969399030 1720799775 44990
43570
2136526841 773668649 34535
23691
265880234 497226138 39211
28884
1011064259 1095756146 20367
2839
418657230 58434505 12887
4632
995665864 1679008043 19955
7949
1634776003 1784913376 32939
22221
1167837715 1579421602 4102
3481
158670981 804070154 36029
23254
1241397004 332405519 3919
1126
938304251 9793094 28970
18201
1760019699 1840116736 44973
22824
291966258 747724730 7865
6579
2037159804 2132516524 44846
25530
1324507446 1499880146 3910
3646
1021616844 605944763 25398
6768
621735369 317521769 32883
30774
180942682 1794309645 13283
8706
455441442 1949044962 3051
2511
1894889481 1977855860 45683
12629
2078281259 1171966877 3557
726
1635518765 72760008 23434
14837
1748775089 806121178 7894
4159
660508781 703699606 20096
5689
560301182 1745099846 38839
19375
1595701507 1990813916 1717
611
8868711 1284537784 4276
2217
492662224 619661635 322
82
805228257 757361569 7833
2073
726981677 1304578257 43989
29573
1942777803 544560424 19795
7101
394872789 2106362192 20728
18609
1913438887 1836472328 30795
10741
1242715802 1420325402 42020
36524
811188256 2108710235 38006
150
592565329 1768125147 1062
685
963154857 1007223582 45438
8433
61836717 1886020770 14961
2793
1918956751 1585619035 11918
3619
149936869 830290508 31567
518
722995956 1021793412 35584
24576
474729642 865214625 3434
1514
13930796 165428393 38544
6512
839330852 1829746267 3331
1762
799904965 913636556 43409
17259
398301806 1828957615 14208
5504
401061587 212662928 24529
14162
313757297 1911310467 6417
4139
2080324375 1880941086 17393
15083
224034441 623399685 11237
5958
408244405 1763502018 21712
20249
2111721699 519719846 8600
3401
298280664 336458614 26833
22772
1602166628 578634533 34584
32408
410472145 123824005 28591
28222
1951373105 1409415399 20983
5996
829105694 1520654945 41089
9897
2041353842 1896358929 13328
4416
326162017 409238659 27145
158
1351671893 541888914 24422
9113
1500599528 1937380002 36457
14739
1265478144 431086447 1430
1084
1295643415 835666913 8501
3232
1613164039 100021142 32206
7053
1562423084 946378606 38442
24118
1681506962 2050768799 38571
593
1119877360 128951270 10175
5325
1981122734 1542412394 26978
11706
764081737 514374210 43473
7225
388554240 1785559682 2384
496
1288049045 1094092418 41907
21049
111738424 101567100 17020
12976
2060668046 1292477648 39709
4445
1258716713 655729690 12381
706
578467504 1363425302 30655
6596
411646066 478930758 20499
15037
983599185 792138702 10918
3375
1617963777 231794533 8911
689
660231499 1666960441 8523
3037
439283968 501396407 44542
23920
199101160 907089175 25842
23584
283435523 325114994 24889
12803
1697929301 1450684660 18230
7821
992773864 1768322563 16363
11005
2094748904 2008644294 34973
16256
2045260848 1402655230 3863
2706
1977078231 352435671 765
576
1064646413 1552438702 21437
5227
1752011327 1817568915 18607
5367
1529115703 1598990572 12561
10504
